{
 "cells": [
  {
   "cell_type": "code",
   "execution_count": 1,
   "metadata": {},
   "outputs": [
    {
     "data": {
      "text/html": [
       "        <script type=\"text/javascript\">\n",
       "        window.PlotlyConfig = {MathJaxConfig: 'local'};\n",
       "        if (window.MathJax) {MathJax.Hub.Config({SVG: {font: \"STIX-Web\"}});}\n",
       "        if (typeof require !== 'undefined') {\n",
       "        require.undef(\"plotly\");\n",
       "        requirejs.config({\n",
       "            paths: {\n",
       "                'plotly': ['https://cdn.plot.ly/plotly-latest.min']\n",
       "            }\n",
       "        });\n",
       "        require(['plotly'], function(Plotly) {\n",
       "            window._Plotly = Plotly;\n",
       "        });\n",
       "        }\n",
       "        </script>\n",
       "        "
      ]
     },
     "metadata": {},
     "output_type": "display_data"
    }
   ],
   "source": [
    "%matplotlib inline\n",
    "%config InlineBackend.figure_format = 'retina'\n",
    "from IPython.display import display\n",
    "import plotly.offline as py\n",
    "py.init_notebook_mode(connected=True)\n",
    "import plotly.io as pio\n",
    "pio.templates.default = 'plotly_white'\n",
    "import logging\n",
    "import logzero\n",
    "logzero.loglevel(logging.INFO)"
   ]
  },
  {
   "cell_type": "code",
   "execution_count": 2,
   "metadata": {},
   "outputs": [],
   "source": [
    "dir_fname = 'work'\n",
    "import os\n",
    "os.chdir(dir_fname)"
   ]
  },
  {
   "cell_type": "code",
   "execution_count": 3,
   "metadata": {},
   "outputs": [],
   "source": [
    "from BITS.util.io import load_pickle, save_pickle"
   ]
  },
  {
   "cell_type": "code",
   "execution_count": 4,
   "metadata": {},
   "outputs": [],
   "source": [
    "centromere_reads_fname = \"centromere_reads.pkl\"\n",
    "centromere_reads = load_pickle(centromere_reads_fname)\n",
    "# Filter out relatively short reads\n",
    "centromere_reads = list(filter(lambda read: read.length > 10000, centromere_reads))"
   ]
  },
  {
   "cell_type": "markdown",
   "metadata": {},
   "source": [
    "## Per-read units"
   ]
  },
  {
   "cell_type": "code",
   "execution_count": 6,
   "metadata": {},
   "outputs": [],
   "source": [
    "from copy import copy\n",
    "from logzero import logger\n",
    "from collections import Counter, defaultdict\n",
    "from dataclasses import dataclass, field\n",
    "from typing import Any, Type, List, Dict\n",
    "import numpy as np\n",
    "import pandas as pd\n",
    "from BITS.clustering.seq import ClusteringSeq\n",
    "from BITS.clustering.numeric import ClusteringNumeric\n",
    "from BITS.seq.align import EdlibRunner\n",
    "from BITS.seq.consed import ConsedRunner\n",
    "from BITS.util.io import save_pickle, load_pickle\n",
    "from BITS.util.proc import NoDaemonPool"
   ]
  },
  {
   "cell_type": "code",
   "execution_count": 19,
   "metadata": {
    "scrolled": false
   },
   "outputs": [
    {
     "name": "stderr",
     "output_type": "stream",
     "text": [
      "[I 190910 15:24:22 log:17] Starting distance matrix calculation \n",
      "[I 190910 15:24:22 log:19] Finished distance matrix calculation\n"
     ]
    },
    {
     "data": {
      "application/vnd.plotly.v1+json": {
       "config": {
        "linkText": "Export to plot.ly",
        "plotlyServerURL": "https://plot.ly",
        "showLink": false
       },
       "data": [
        {
         "colorscale": [
          [
           0,
           "rgb(255,255,217)"
          ],
          [
           0.125,
           "rgb(237,248,177)"
          ],
          [
           0.25,
           "rgb(199,233,180)"
          ],
          [
           0.375,
           "rgb(127,205,187)"
          ],
          [
           0.5,
           "rgb(65,182,196)"
          ],
          [
           0.625,
           "rgb(29,145,192)"
          ],
          [
           0.75,
           "rgb(34,94,168)"
          ],
          [
           0.875,
           "rgb(37,52,148)"
          ],
          [
           1,
           "rgb(8,29,88)"
          ]
         ],
         "showscale": true,
         "type": "heatmap",
         "z": [
          [
           0,
           0.07222222536802292,
           0.0476190485060215,
           0.055710308253765106,
           0.06666667014360428,
           0.053072623908519745,
           0.09641873091459274,
           0.0858725756406784,
           0.0972222238779068,
           0.07520891726016998,
           0.04748603329062462,
           0.05292478948831558,
           0.06685236841440201,
           0,
           0.07222222536802292,
           0.011396011337637901,
           0.055710308253765106,
           0.06388889253139496,
           0.05586592108011246,
           0.05292478948831558,
           0.06666667014360428,
           0.053072623908519745,
           0.044692736119031906,
           0.05027933046221733,
           0.0694444477558136,
           0.0476190485060215,
           0.06128133833408356,
           0.05027933046221733,
           0.0886426568031311,
           0.0941828265786171,
           0.06666667014360428,
           0.05027933046221733,
           0.06128133833408356,
           0.05292478948831558,
           0.09917355328798294,
           0.0833333358168602,
           0.053072623908519745,
           0.06963787972927094
          ],
          [
           0.07222222536802292,
           0,
           0.038997214287519455,
           0.05263157933950424,
           0.022284122183918953,
           0.05000000074505806,
           0.05248618870973587,
           0.019498607143759727,
           0.03351955488324165,
           0.05292478948831558,
           0.05277777835726738,
           0.044568244367837906,
           0.038997214287519455,
           0.07222222536802292,
           0,
           0.0694444477558136,
           0.05263157933950424,
           0.022346368059515953,
           0.04444444552063942,
           0.049861494451761246,
           0.022346368059515953,
           0.05277777835726738,
           0.04444444552063942,
           0.04722222313284874,
           0.025139665231108665,
           0.05000000074505806,
           0.038997214287519455,
           0.0555555559694767,
           0.033426184207201004,
           0.03601108118891716,
           0.022346368059515953,
           0.05000000074505806,
           0.038997214287519455,
           0.058171745389699936,
           0.0441988967359066,
           0.02793296054005623,
           0.04735375940799713,
           0.05865921825170517
          ],
          [
           0.0476190485060215,
           0.038997214287519455,
           0,
           0.02506963722407818,
           0.0555555559694767,
           0.02793296054005623,
           0.07162534445524216,
           0.05833333358168602,
           0.07242339849472046,
           0.05292478948831558,
           0.025139665231108665,
           0.02793296054005623,
           0.03621169924736023,
           0.0476190485060215,
           0.038997214287519455,
           0.03641456738114357,
           0.02506963722407818,
           0.055710308253765106,
           0.022346368059515953,
           0.022284122183918953,
           0.055710308253765106,
           0.02793296054005623,
           0.013966480270028114,
           0.01955307275056839,
           0.05292478948831558,
           0.02240896411240101,
           0.02506963722407818,
           0.03072625771164894,
           0.06111111119389534,
           0.06629834324121475,
           0.05013927444815636,
           0.025139665231108665,
           0.02506963722407818,
           0.033426184207201004,
           0.07438016682863235,
           0.06685236841440201,
           0.03072625771164894,
           0.05865921825170517
          ],
          [
           0.055710308253765106,
           0.05263157933950424,
           0.02506963722407818,
           0,
           0.06906077265739441,
           0.025139665231108665,
           0.07967033237218857,
           0.06906077265739441,
           0.08310249447822571,
           0.05849582329392433,
           0.016713092103600502,
           0.04178272932767868,
           0.04444444552063942,
           0.055710308253765106,
           0.05263157933950424,
           0.05013927444815636,
           0.005571030545979738,
           0.06925208121538162,
           0.022346368059515953,
           0.002785515272989869,
           0.06925208121538162,
           0.03351955488324165,
           0.02506963722407818,
           0.005571030545979738,
           0.06925208121538162,
           0.03072625771164894,
           0.03055555559694767,
           0.02506963722407818,
           0.07182320207357407,
           0.06887052208185196,
           0.06925208121538162,
           0.03072625771164894,
           0.03055555559694767,
           0.02777777798473835,
           0.08241758495569229,
           0.07756232470273972,
           0.044568244367837906,
           0.0694444477558136
          ],
          [
           0.06666667014360428,
           0.022284122183918953,
           0.0555555559694767,
           0.06906077265739441,
           0,
           0.06111111119389534,
           0.058171745389699936,
           0.03064066916704178,
           0.04189944267272949,
           0.06666667014360428,
           0.06111111119389534,
           0.05000000074505806,
           0.0555555559694767,
           0.06666667014360428,
           0.022284122183918953,
           0.06388889253139496,
           0.06906077265739441,
           0.005586592014878988,
           0.060941826552152634,
           0.06629834324121475,
           0.005586592014878988,
           0.06388889253139496,
           0.060941826552152634,
           0.06371191143989563,
           0.013966480270028114,
           0.06111111119389534,
           0.0555555559694767,
           0.06666667014360428,
           0.038997214287519455,
           0.05263157933950424,
           0.011173184029757977,
           0.06111111119389534,
           0.0555555559694767,
           0.06925208121538162,
           0.05540166050195694,
           0.022346368059515953,
           0.05277777835726738,
           0.04189944267272949
          ],
          [
           0.053072623908519745,
           0.05000000074505806,
           0.02793296054005623,
           0.025139665231108665,
           0.06111111119389534,
           0,
           0.07162534445524216,
           0.060941826552152634,
           0.07500000298023224,
           0.053072623908519745,
           0.03072625771164894,
           0.03351955488324165,
           0.04178272932767868,
           0.053072623908519745,
           0.05000000074505806,
           0.04748603329062462,
           0.03064066916704178,
           0.06111111119389534,
           0.014005602337419987,
           0.027855154126882553,
           0.06111111119389534,
           0.016806723549962044,
           0.02793296054005623,
           0.025139665231108665,
           0.06388889253139496,
           0.016806723549962044,
           0.038997214287519455,
           0.02793296054005623,
           0.06371191143989563,
           0.06629834324121475,
           0.06111111119389534,
           0.016806723549962044,
           0.038997214287519455,
           0.03621169924736023,
           0.07438016682863235,
           0.06406684964895248,
           0.03631284832954407,
           0.05586592108011246
          ],
          [
           0.09641873091459274,
           0.05248618870973587,
           0.07162534445524216,
           0.07967033237218857,
           0.058171745389699936,
           0.07162534445524216,
           0,
           0.03333333507180214,
           0.06371191143989563,
           0.08287292718887329,
           0.07713498920202255,
           0.06629834324121475,
           0.06887052208185196,
           0.09641873091459274,
           0.05248618870973587,
           0.09090909361839294,
           0.07692307978868484,
           0.058171745389699936,
           0.07438016682863235,
           0.07967033237218857,
           0.058171745389699936,
           0.07438016682863235,
           0.07162534445524216,
           0.07713498920202255,
           0.0635359138250351,
           0.07162534445524216,
           0.06629834324121475,
           0.07988980412483215,
           0.02500000037252903,
           0.03333333507180214,
           0.06077348068356514,
           0.07162534445524216,
           0.06629834324121475,
           0.06629834324121475,
           0.019498607143759727,
           0.058171745389699936,
           0.06906077265739441,
           0.08287292718887329
          ],
          [
           0.0858725756406784,
           0.019498607143759727,
           0.05833333358168602,
           0.06906077265739441,
           0.03064066916704178,
           0.060941826552152634,
           0.03333333507180214,
           0,
           0.03064066916704178,
           0.0694444477558136,
           0.06648199260234833,
           0.05833333358168602,
           0.058171745389699936,
           0.0858725756406784,
           0.019498607143759727,
           0.08310249447822571,
           0.07162534445524216,
           0.03064066916704178,
           0.060941826552152634,
           0.06906077265739441,
           0.03064066916704178,
           0.06371191143989563,
           0.06371191143989563,
           0.06648199260234833,
           0.038997214287519455,
           0.060941826552152634,
           0.05833333358168602,
           0.06925208121538162,
           0.013966480270028114,
           0.03878116235136986,
           0.03621169924736023,
           0.060941826552152634,
           0.05833333358168602,
           0.0555555559694767,
           0.02500000037252903,
           0.02506963722407818,
           0.06111111119389534,
           0.06111111119389534
          ],
          [
           0.0972222238779068,
           0.03351955488324165,
           0.07242339849472046,
           0.08310249447822571,
           0.04189944267272949,
           0.07500000298023224,
           0.06371191143989563,
           0.03064066916704178,
           0,
           0.08146067708730698,
           0.07777778059244156,
           0.07242339849472046,
           0.07222222536802292,
           0.0972222238779068,
           0.03351955488324165,
           0.09444444626569748,
           0.0858725756406784,
           0.04189944267272949,
           0.07500000298023224,
           0.08310249447822571,
           0.04189944267272949,
           0.07777778059244156,
           0.07777778059244156,
           0.08055555820465088,
           0.05027933046221733,
           0.07500000298023224,
           0.07242339849472046,
           0.0833333358168602,
           0.038997214287519455,
           0.05277777835726738,
           0.04748603329062462,
           0.07500000298023224,
           0.07242339849472046,
           0.0858725756406784,
           0.05540166050195694,
           0.03910614550113678,
           0.07520891726016998,
           0.07242339849472046
          ],
          [
           0.07520891726016998,
           0.05292478948831558,
           0.05292478948831558,
           0.05849582329392433,
           0.06666667014360428,
           0.053072623908519745,
           0.08287292718887329,
           0.0694444477558136,
           0.08146067708730698,
           0,
           0.06128133833408356,
           0.053072623908519745,
           0.05013927444815636,
           0.07520891726016998,
           0.05292478948831558,
           0.07520891726016998,
           0.06388889253139496,
           0.06685236841440201,
           0.05027933046221733,
           0.06111111119389534,
           0.06685236841440201,
           0.05027933046221733,
           0.05013927444815636,
           0.05849582329392433,
           0.06963787972927094,
           0.05027933046221733,
           0.05013927444815636,
           0.06128133833408356,
           0.07222222536802292,
           0.07756232470273972,
           0.06685236841440201,
           0.04748603329062462,
           0.05013927444815636,
           0.06388889253139496,
           0.08563535660505295,
           0.07520891726016998,
           0.05586592108011246,
           0.0670391097664833
          ],
          [
           0.04748603329062462,
           0.05277777835726738,
           0.025139665231108665,
           0.016713092103600502,
           0.06111111119389534,
           0.03072625771164894,
           0.07713498920202255,
           0.06648199260234833,
           0.07777778059244156,
           0.06128133833408356,
           0,
           0.03621169924736023,
           0.04735375940799713,
           0.04748603329062462,
           0.05277777835726738,
           0.04189944267272949,
           0.016713092103600502,
           0.06111111119389534,
           0.03351955488324165,
           0.013927577063441277,
           0.06111111119389534,
           0.03351955488324165,
           0.025139665231108665,
           0.011173184029757977,
           0.06111111119389534,
           0.03072625771164894,
           0.03064066916704178,
           0.01955307275056839,
           0.06925208121538162,
           0.07734806835651398,
           0.06111111119389534,
           0.03072625771164894,
           0.03064066916704178,
           0.022284122183918953,
           0.07988980412483215,
           0.07222222536802292,
           0.038997214287519455,
           0.06406684964895248
          ],
          [
           0.05292478948831558,
           0.044568244367837906,
           0.02793296054005623,
           0.04178272932767868,
           0.05000000074505806,
           0.03351955488324165,
           0.06629834324121475,
           0.05833333358168602,
           0.07242339849472046,
           0.053072623908519745,
           0.03621169924736023,
           0,
           0.038997214287519455,
           0.05292478948831558,
           0.044568244367837906,
           0.04735375940799713,
           0.04178272932767868,
           0.05000000074505806,
           0.03631284832954407,
           0.038997214287519455,
           0.05000000074505806,
           0.03631284832954407,
           0.02793296054005623,
           0.03631284832954407,
           0.04722222313284874,
           0.03351955488324165,
           0.027855154126882553,
           0.03910614550113678,
           0.06111111119389534,
           0.06648199260234833,
           0.04444444552063942,
           0.03351955488324165,
           0.027855154126882553,
           0.04178272932767868,
           0.06906077265739441,
           0.06111111119389534,
           0.008379888720810413,
           0.05277777835726738
          ],
          [
           0.06685236841440201,
           0.038997214287519455,
           0.03621169924736023,
           0.04444444552063942,
           0.0555555559694767,
           0.04178272932767868,
           0.06887052208185196,
           0.058171745389699936,
           0.07222222536802292,
           0.05013927444815636,
           0.04735375940799713,
           0.038997214287519455,
           0,
           0.06685236841440201,
           0.038997214287519455,
           0.06128133833408356,
           0.04722222313284874,
           0.055710308253765106,
           0.033426184207201004,
           0.04444444552063942,
           0.055710308253765106,
           0.033426184207201004,
           0.033426184207201004,
           0.04178272932767868,
           0.05849582329392433,
           0.033426184207201004,
           0.027855154126882553,
           0.044568244367837906,
           0.060941826552152634,
           0.06077348068356514,
           0.055710308253765106,
           0.03064066916704178,
           0.027855154126882553,
           0.04722222313284874,
           0.07162534445524216,
           0.06666667014360428,
           0.038997214287519455,
           0.05292478948831558
          ],
          [
           0,
           0.07222222536802292,
           0.0476190485060215,
           0.055710308253765106,
           0.06666667014360428,
           0.053072623908519745,
           0.09641873091459274,
           0.0858725756406784,
           0.0972222238779068,
           0.07520891726016998,
           0.04748603329062462,
           0.05292478948831558,
           0.06685236841440201,
           0,
           0.07222222536802292,
           0.011396011337637901,
           0.055710308253765106,
           0.06388889253139496,
           0.05586592108011246,
           0.05292478948831558,
           0.06666667014360428,
           0.053072623908519745,
           0.044692736119031906,
           0.05027933046221733,
           0.0694444477558136,
           0.0476190485060215,
           0.06128133833408356,
           0.05027933046221733,
           0.0886426568031311,
           0.0941828265786171,
           0.06666667014360428,
           0.05027933046221733,
           0.06128133833408356,
           0.05292478948831558,
           0.09917355328798294,
           0.0833333358168602,
           0.053072623908519745,
           0.06963787972927094
          ],
          [
           0.07222222536802292,
           0,
           0.038997214287519455,
           0.05263157933950424,
           0.022284122183918953,
           0.05000000074505806,
           0.05248618870973587,
           0.019498607143759727,
           0.03351955488324165,
           0.05292478948831558,
           0.05277777835726738,
           0.044568244367837906,
           0.038997214287519455,
           0.07222222536802292,
           0,
           0.0694444477558136,
           0.05263157933950424,
           0.022346368059515953,
           0.04444444552063942,
           0.049861494451761246,
           0.022346368059515953,
           0.05277777835726738,
           0.04444444552063942,
           0.04722222313284874,
           0.025139665231108665,
           0.05000000074505806,
           0.038997214287519455,
           0.0555555559694767,
           0.033426184207201004,
           0.03601108118891716,
           0.022346368059515953,
           0.05000000074505806,
           0.038997214287519455,
           0.058171745389699936,
           0.0441988967359066,
           0.02793296054005623,
           0.04735375940799713,
           0.05865921825170517
          ],
          [
           0.011396011337637901,
           0.0694444477558136,
           0.03641456738114357,
           0.05013927444815636,
           0.06388889253139496,
           0.04748603329062462,
           0.09090909361839294,
           0.08310249447822571,
           0.09444444626569748,
           0.07520891726016998,
           0.04189944267272949,
           0.04735375940799713,
           0.06128133833408356,
           0.011396011337637901,
           0.0694444477558136,
           0,
           0.05013927444815636,
           0.06111111119389534,
           0.05027933046221733,
           0.04735375940799713,
           0.06388889253139496,
           0.04748603329062462,
           0.044692736119031906,
           0.044692736119031906,
           0.06666667014360428,
           0.042016807943582535,
           0.055710308253765106,
           0.05027933046221733,
           0.0858725756406784,
           0.0886426568031311,
           0.06388889253139496,
           0.044692736119031906,
           0.055710308253765106,
           0.05292478948831558,
           0.09366390854120255,
           0.08055555820465088,
           0.04748603329062462,
           0.06685236841440201
          ],
          [
           0.055710308253765106,
           0.05263157933950424,
           0.02506963722407818,
           0.005571030545979738,
           0.06906077265739441,
           0.03064066916704178,
           0.07692307978868484,
           0.07162534445524216,
           0.0858725756406784,
           0.06388889253139496,
           0.016713092103600502,
           0.04178272932767868,
           0.04722222313284874,
           0.055710308253765106,
           0.05263157933950424,
           0.05013927444815636,
           0,
           0.06925208121538162,
           0.027855154126882553,
           0.002785515272989869,
           0.06925208121538162,
           0.038997214287519455,
           0.02506963722407818,
           0.005571030545979738,
           0.06925208121538162,
           0.03621169924736023,
           0.03055555559694767,
           0.02506963722407818,
           0.06906077265739441,
           0.07162534445524216,
           0.06925208121538162,
           0.03621169924736023,
           0.03055555559694767,
           0.02770083025097847,
           0.08493150770664215,
           0.08033241331577301,
           0.044568244367837906,
           0.07222222536802292
          ],
          [
           0.06388889253139496,
           0.022346368059515953,
           0.055710308253765106,
           0.06925208121538162,
           0.005586592014878988,
           0.06111111119389534,
           0.058171745389699936,
           0.03064066916704178,
           0.04189944267272949,
           0.06685236841440201,
           0.06111111119389534,
           0.05000000074505806,
           0.055710308253765106,
           0.06388889253139496,
           0.022346368059515953,
           0.06111111119389534,
           0.06925208121538162,
           0,
           0.06111111119389534,
           0.06648199260234833,
           0.005586592014878988,
           0.06388889253139496,
           0.06111111119389534,
           0.06388889253139496,
           0.013966480270028114,
           0.06111111119389534,
           0.055710308253765106,
           0.06666667014360428,
           0.038997214287519455,
           0.05277777835726738,
           0.011173184029757977,
           0.06111111119389534,
           0.055710308253765106,
           0.06925208121538162,
           0.05540166050195694,
           0.022346368059515953,
           0.05277777835726738,
           0.04189944267272949
          ],
          [
           0.05586592108011246,
           0.04444444552063942,
           0.022346368059515953,
           0.022346368059515953,
           0.060941826552152634,
           0.014005602337419987,
           0.07438016682863235,
           0.060941826552152634,
           0.07500000298023224,
           0.05027933046221733,
           0.03351955488324165,
           0.03631284832954407,
           0.033426184207201004,
           0.05586592108011246,
           0.04444444552063942,
           0.05027933046221733,
           0.027855154126882553,
           0.06111111119389534,
           0,
           0.02506963722407818,
           0.06111111119389534,
           0.016806723549962044,
           0.025139665231108665,
           0.022346368059515953,
           0.06388889253139496,
           0.014005602337419987,
           0.03621169924736023,
           0.03631284832954407,
           0.06371191143989563,
           0.06077348068356514,
           0.06111111119389534,
           0.014005602337419987,
           0.03621169924736023,
           0.038997214287519455,
           0.07713498920202255,
           0.0694444477558136,
           0.03631284832954407,
           0.06128133833408356
          ],
          [
           0.05292478948831558,
           0.049861494451761246,
           0.022284122183918953,
           0.002785515272989869,
           0.06629834324121475,
           0.027855154126882553,
           0.07967033237218857,
           0.06906077265739441,
           0.08310249447822571,
           0.06111111119389534,
           0.013927577063441277,
           0.038997214287519455,
           0.04444444552063942,
           0.05292478948831558,
           0.049861494451761246,
           0.04735375940799713,
           0.002785515272989869,
           0.06648199260234833,
           0.02506963722407818,
           0,
           0.06648199260234833,
           0.03621169924736023,
           0.022284122183918953,
           0.002785515272989869,
           0.06648199260234833,
           0.033426184207201004,
           0.02777777798473835,
           0.022284122183918953,
           0.07182320207357407,
           0.06887052208185196,
           0.06648199260234833,
           0.033426184207201004,
           0.02777777798473835,
           0.02500000037252903,
           0.08241758495569229,
           0.07756232470273972,
           0.04178272932767868,
           0.0694444477558136
          ],
          [
           0.06666667014360428,
           0.022346368059515953,
           0.055710308253765106,
           0.06925208121538162,
           0.005586592014878988,
           0.06111111119389534,
           0.058171745389699936,
           0.03064066916704178,
           0.04189944267272949,
           0.06685236841440201,
           0.06111111119389534,
           0.05000000074505806,
           0.055710308253765106,
           0.06666667014360428,
           0.022346368059515953,
           0.06388889253139496,
           0.06925208121538162,
           0.005586592014878988,
           0.06111111119389534,
           0.06648199260234833,
           0,
           0.06388889253139496,
           0.06111111119389534,
           0.06388889253139496,
           0.013966480270028114,
           0.06111111119389534,
           0.055710308253765106,
           0.06666667014360428,
           0.038997214287519455,
           0.05277777835726738,
           0.011173184029757977,
           0.06111111119389534,
           0.055710308253765106,
           0.06925208121538162,
           0.05540166050195694,
           0.022346368059515953,
           0.05277777835726738,
           0.04189944267272949
          ],
          [
           0.053072623908519745,
           0.05277777835726738,
           0.02793296054005623,
           0.03351955488324165,
           0.06388889253139496,
           0.016806723549962044,
           0.07438016682863235,
           0.06371191143989563,
           0.07777778059244156,
           0.05027933046221733,
           0.03351955488324165,
           0.03631284832954407,
           0.033426184207201004,
           0.053072623908519745,
           0.05277777835726738,
           0.04748603329062462,
           0.038997214287519455,
           0.06388889253139496,
           0.016806723549962044,
           0.03621169924736023,
           0.06388889253139496,
           0,
           0.025139665231108665,
           0.03351955488324165,
           0.06666667014360428,
           0.011204482056200504,
           0.03621169924736023,
           0.03072625771164894,
           0.06648199260234833,
           0.07182320207357407,
           0.06388889253139496,
           0.008403361774981022,
           0.03621169924736023,
           0.033426184207201004,
           0.07713498920202255,
           0.0694444477558136,
           0.03631284832954407,
           0.06128133833408356
          ],
          [
           0.044692736119031906,
           0.04444444552063942,
           0.013966480270028114,
           0.02506963722407818,
           0.060941826552152634,
           0.02793296054005623,
           0.07162534445524216,
           0.06371191143989563,
           0.07777778059244156,
           0.05013927444815636,
           0.025139665231108665,
           0.02793296054005623,
           0.033426184207201004,
           0.044692736119031906,
           0.04444444552063942,
           0.044692736119031906,
           0.02506963722407818,
           0.06111111119389534,
           0.025139665231108665,
           0.022284122183918953,
           0.06111111119389534,
           0.025139665231108665,
           0,
           0.01955307275056839,
           0.05833333358168602,
           0.025139665231108665,
           0.022284122183918953,
           0.022346368059515953,
           0.06648199260234833,
           0.06629834324121475,
           0.0555555559694767,
           0.022346368059515953,
           0.022284122183918953,
           0.02506963722407818,
           0.07438016682863235,
           0.07222222536802292,
           0.03072625771164894,
           0.06406684964895248
          ],
          [
           0.05027933046221733,
           0.04722222313284874,
           0.01955307275056839,
           0.005571030545979738,
           0.06371191143989563,
           0.025139665231108665,
           0.07713498920202255,
           0.06648199260234833,
           0.08055555820465088,
           0.05849582329392433,
           0.011173184029757977,
           0.03631284832954407,
           0.04178272932767868,
           0.05027933046221733,
           0.04722222313284874,
           0.044692736119031906,
           0.005571030545979738,
           0.06388889253139496,
           0.022346368059515953,
           0.002785515272989869,
           0.06388889253139496,
           0.03351955488324165,
           0.01955307275056839,
           0,
           0.06388889253139496,
           0.03072625771164894,
           0.02506963722407818,
           0.01955307275056839,
           0.06925208121538162,
           0.06629834324121475,
           0.06388889253139496,
           0.03072625771164894,
           0.02506963722407818,
           0.022284122183918953,
           0.07988980412483215,
           0.07500000298023224,
           0.03910614550113678,
           0.06685236841440201
          ],
          [
           0.0694444477558136,
           0.025139665231108665,
           0.05292478948831558,
           0.06925208121538162,
           0.013966480270028114,
           0.06388889253139496,
           0.0635359138250351,
           0.038997214287519455,
           0.05027933046221733,
           0.06963787972927094,
           0.06111111119389534,
           0.04722222313284874,
           0.05849582329392433,
           0.0694444477558136,
           0.025139665231108665,
           0.06666667014360428,
           0.06925208121538162,
           0.013966480270028114,
           0.06388889253139496,
           0.06648199260234833,
           0.013966480270028114,
           0.06666667014360428,
           0.05833333358168602,
           0.06388889253139496,
           0,
           0.06388889253139496,
           0.05013927444815636,
           0.06666667014360428,
           0.04735375940799713,
           0.058171745389699936,
           0.008379888720810413,
           0.06388889253139496,
           0.05013927444815636,
           0.06925208121538162,
           0.06077348068356514,
           0.03072625771164894,
           0.05000000074505806,
           0.05027933046221733
          ],
          [
           0.0476190485060215,
           0.05000000074505806,
           0.02240896411240101,
           0.03072625771164894,
           0.06111111119389534,
           0.016806723549962044,
           0.07162534445524216,
           0.060941826552152634,
           0.07500000298023224,
           0.05027933046221733,
           0.03072625771164894,
           0.03351955488324165,
           0.033426184207201004,
           0.0476190485060215,
           0.05000000074505806,
           0.042016807943582535,
           0.03621169924736023,
           0.06111111119389534,
           0.014005602337419987,
           0.033426184207201004,
           0.06111111119389534,
           0.011204482056200504,
           0.025139665231108665,
           0.03072625771164894,
           0.06388889253139496,
           0,
           0.03621169924736023,
           0.03072625771164894,
           0.06371191143989563,
           0.06906077265739441,
           0.06111111119389534,
           0.008403361774981022,
           0.03621169924736023,
           0.033426184207201004,
           0.07438016682863235,
           0.0694444477558136,
           0.03351955488324165,
           0.06128133833408356
          ],
          [
           0.06128133833408356,
           0.038997214287519455,
           0.02506963722407818,
           0.03055555559694767,
           0.0555555559694767,
           0.038997214287519455,
           0.06629834324121475,
           0.05833333358168602,
           0.07242339849472046,
           0.05013927444815636,
           0.03064066916704178,
           0.027855154126882553,
           0.027855154126882553,
           0.06128133833408356,
           0.038997214287519455,
           0.055710308253765106,
           0.03055555559694767,
           0.055710308253765106,
           0.03621169924736023,
           0.02777777798473835,
           0.055710308253765106,
           0.03621169924736023,
           0.022284122183918953,
           0.02506963722407818,
           0.05013927444815636,
           0.03621169924736023,
           0,
           0.027855154126882553,
           0.06111111119389534,
           0.060941826552152634,
           0.05013927444815636,
           0.033426184207201004,
           0,
           0.03055555559694767,
           0.06906077265739441,
           0.06685236841440201,
           0.03064066916704178,
           0.05849582329392433
          ],
          [
           0.05027933046221733,
           0.0555555559694767,
           0.03072625771164894,
           0.02506963722407818,
           0.06666667014360428,
           0.02793296054005623,
           0.07988980412483215,
           0.06925208121538162,
           0.0833333358168602,
           0.06128133833408356,
           0.01955307275056839,
           0.03910614550113678,
           0.044568244367837906,
           0.05027933046221733,
           0.0555555559694767,
           0.05027933046221733,
           0.02506963722407818,
           0.06666667014360428,
           0.03631284832954407,
           0.022284122183918953,
           0.06666667014360428,
           0.03072625771164894,
           0.022346368059515953,
           0.01955307275056839,
           0.06666667014360428,
           0.03072625771164894,
           0.027855154126882553,
           0,
           0.07202216237783432,
           0.08011049777269363,
           0.06666667014360428,
           0.02793296054005623,
           0.027855154126882553,
           0.013927577063441277,
           0.08264462649822235,
           0.07777778059244156,
           0.04189944267272949,
           0.06963787972927094
          ],
          [
           0.0886426568031311,
           0.033426184207201004,
           0.06111111119389534,
           0.07182320207357407,
           0.038997214287519455,
           0.06371191143989563,
           0.02500000037252903,
           0.013966480270028114,
           0.038997214287519455,
           0.07222222536802292,
           0.06925208121538162,
           0.06111111119389534,
           0.060941826552152634,
           0.0886426568031311,
           0.033426184207201004,
           0.0858725756406784,
           0.06906077265739441,
           0.038997214287519455,
           0.06371191143989563,
           0.07182320207357407,
           0.038997214287519455,
           0.06648199260234833,
           0.06648199260234833,
           0.06925208121538162,
           0.04735375940799713,
           0.06371191143989563,
           0.06111111119389534,
           0.07202216237783432,
           0,
           0.05263157933950424,
           0.044568244367837906,
           0.06371191143989563,
           0.06111111119389534,
           0.05833333358168602,
           0.03888889029622078,
           0.038997214287519455,
           0.06388889253139496,
           0.06388889253139496
          ],
          [
           0.0941828265786171,
           0.03601108118891716,
           0.06629834324121475,
           0.06887052208185196,
           0.05263157933950424,
           0.06629834324121475,
